codigo enviado:
01101111
01101100
01100001

01100011
01101111
01101100
01100101
01100111
01100001

01110100
01110101
01100100
01101111

01100010
01100101
01101101

codigo recebdio:
01000101 01100001 01100101 /
01001100 01110101 01100011 01100001 01110011 /
01101111 /
01100100 01100101 01110011 01110100 01101001 01101110 01101111 /  
01101110 01101111 01110011 /  
01101010 01110101 01101110 01110100 01101111 01110101 /
01101110 01101111 01110110 01100001 01101101 01100101 01101110 01110100 01100101 /
